Test score:[0.1740485280752182, 0.7613250017166138]  ['loss', 'compile_metrics']
Accuracy: 0.6851642129105323
AUC: 0.6877016486852394
